           1           1   101325.00000000000     
           1           2   101325.00000000000     
           1           3   101325.00000000000     
           1           4   101325.00000000000     
           1           5   101325.00000000000     
           1           6   101325.00000000000     
           1           7   101325.00000000000     
           1           8   101325.00000000000     
           1           9   101325.00000000000     
           1          10   101325.00000000000     
           1          11   101325.00000000000     
           1          12   101325.00000000000     
           1          13   101325.00000000000     
           1          14   101325.00000000000     
           1          15   101325.00000000000     
           1          16   101325.00000000000     
           1          17   101325.00000000000     
           1          18   101325.00000000000     
           1          19   101325.00000000000     
           1          20   101325.00000000000     
           1          21   101325.00000000000     
           1          22   101325.00000000000     
           1          23   101325.00000000000     
           1          24   101325.00000000000     
           1          25   101325.00000000000     
           1          26   101325.00000000000     

           2           1   101325.00000000000     
           2           2   101325.00000000000     
           2           3   101325.00000000000     
           2           4   101325.00000000000     
           2           5   101325.00000000000     
           2           6   101325.00000000000     
           2           7   101325.00000000000     
           2           8   101325.00000000000     
           2           9   101325.00000000000     
           2          10   101325.00000000000     
           2          11   101325.00000000000     
           2          12   101325.00000000000     
           2          13   101325.00000000000     
           2          14   101325.00000000000     
           2          15   101325.00000000000     
           2          16   101325.00000000000     
           2          17   101325.00000000000     
           2          18   101325.00000000000     
           2          19   101325.00000000000     
           2          20   101325.00000000000     
           2          21   101325.00000000000     
           2          22   101325.00000000000     
           2          23   101325.00000000000     
           2          24   101325.00000000000     
           2          25   101325.00000000000     
           2          26   101325.00000000000     

           3           1   101325.00000000000     
           3           2   101325.00000000000     
           3           3   101325.00000000000     
           3           4   101325.00000000000     
           3           5   101325.00000000000     
           3           6   101325.00000000000     
           3           7   101325.00000000000     
           3           8   101325.00000000000     
           3           9   101325.00000000000     
           3          10   101325.00000000000     
           3          11   101325.00000000000     
           3          12   101325.00000000000     
           3          13   101325.00000000000     
           3          14   101325.00000000000     
           3          15   101325.00000000000     
           3          16   101325.00000000000     
           3          17   101325.00000000000     
           3          18   101325.00000000000     
           3          19   101325.00000000000     
           3          20   101325.00000000000     
           3          21   101325.00000000000     
           3          22   101325.00000000000     
           3          23   101325.00000000000     
           3          24   101325.00000000000     
           3          25   101325.00000000000     
           3          26   101325.00000000000     

           4           1   101325.00000000000     
           4           2   101325.00000000000     
           4           3   101325.00000000000     
           4           4   101325.00000000000     
           4           5   101325.00000000000     
           4           6   101325.00000000000     
           4           7   101325.00000000000     
           4           8   101325.00000000000     
           4           9   101325.00000000000     
           4          10   101325.00000000000     
           4          11   101325.00000000000     
           4          12   101325.00000000000     
           4          13   101325.00000000000     
           4          14   101325.00000000000     
           4          15   101325.00000000000     
           4          16   101325.00000000000     
           4          17   101325.00000000000     
           4          18   101325.00000000000     
           4          19   101325.00000000000     
           4          20   101325.00000000000     
           4          21   101325.00000000000     
           4          22   101325.00000000000     
           4          23   101325.00000000000     
           4          24   101325.00000000000     
           4          25   101325.00000000000     
           4          26   101325.00000000000     

           5           1   101325.00000000000     
           5           2   101325.00000000000     
           5           3   101325.00000000000     
           5           4   101325.00000000000     
           5           5   101325.00000000000     
           5           6   101325.00000000000     
           5           7   101325.00000000000     
           5           8   101325.00000000000     
           5           9   101325.00000000000     
           5          10   101325.00000000000     
           5          11   101325.00000000000     
           5          12   101325.00000000000     
           5          13   101325.00000000000     
           5          14   101325.00000000000     
           5          15   101325.00000000000     
           5          16   101325.00000000000     
           5          17   101325.00000000000     
           5          18   101325.00000000000     
           5          19   101325.00000000000     
           5          20   101325.00000000000     
           5          21   101325.00000000000     
           5          22   101325.00000000000     
           5          23   101325.00000000000     
           5          24   101325.00000000000     
           5          25   101325.00000000000     
           5          26   101325.00000000000     

           6           1   101325.00000000000     
           6           2   101325.00000000000     
           6           3   101325.00000000000     
           6           4   101325.00000000000     
           6           5   101325.00000000000     
           6           6   101325.00000000000     
           6           7   101325.00000000000     
           6           8   101325.00000000000     
           6           9   101325.00000000000     
           6          10   101325.00000000000     
           6          11   101325.00000000000     
           6          12   101325.00000000000     
           6          13   101325.00000000000     
           6          14   101325.00000000000     
           6          15   101325.00000000000     
           6          16   101325.00000000000     
           6          17   101325.00000000000     
           6          18   101325.00000000000     
           6          19   101325.00000000000     
           6          20   101325.00000000000     
           6          21   101325.00000000000     
           6          22   101325.00000000000     
           6          23   101325.00000000000     
           6          24   101325.00000000000     
           6          25   101325.00000000000     
           6          26   101325.00000000000     

           7           1   101325.00000000000     
           7           2   101325.00000000000     
           7           3   101325.00000000000     
           7           4   101325.00000000000     
           7           5   101325.00000000000     
           7           6   101325.00000000000     
           7           7   101325.00000000000     
           7           8   101325.00000000000     
           7           9   101325.00000000000     
           7          10   101325.00000000000     
           7          11   101325.00000000000     
           7          12   101325.00000000000     
           7          13   101325.00000000000     
           7          14   101325.00000000000     
           7          15   101325.00000000000     
           7          16   101325.00000000000     
           7          17   101325.00000000000     
           7          18   101325.00000000000     
           7          19   101325.00000000000     
           7          20   101325.00000000000     
           7          21   101325.00000000000     
           7          22   101325.00000000000     
           7          23   101325.00000000000     
           7          24   101325.00000000000     
           7          25   101325.00000000000     
           7          26   101325.00000000000     

           8           1   101325.00000000000     
           8           2   101325.00000000000     
           8           3   101325.00000000000     
           8           4   101325.00000000000     
           8           5   101325.00000000000     
           8           6   101325.00000000000     
           8           7   101325.00000000000     
           8           8   101325.00000000000     
           8           9   101325.00000000000     
           8          10   101325.00000000000     
           8          11   101325.00000000000     
           8          12   101325.00000000000     
           8          13   101325.00000000000     
           8          14   101325.00000000000     
           8          15   101325.00000000000     
           8          16   101325.00000000000     
           8          17   101325.00000000000     
           8          18   101325.00000000000     
           8          19   101325.00000000000     
           8          20   101325.00000000000     
           8          21   101325.00000000000     
           8          22   101325.00000000000     
           8          23   101325.00000000000     
           8          24   101325.00000000000     
           8          25   101325.00000000000     
           8          26   101325.00000000000     

           9           1   101325.00000000000     
           9           2   101325.00000000000     
           9           3   101325.00000000000     
           9           4   101325.00000000000     
           9           5   101325.00000000000     
           9           6   101325.00000000000     
           9           7   101325.00000000000     
           9           8   101325.00000000000     
           9           9   101325.00000000000     
           9          10   101325.00000000000     
           9          11   101325.00000000000     
           9          12   101325.00000000000     
           9          13   101325.00000000000     
           9          14   101325.00000000000     
           9          15   101325.00000000000     
           9          16   101325.00000000000     
           9          17   101325.00000000000     
           9          18   101325.00000000000     
           9          19   101325.00000000000     
           9          20   101325.00000000000     
           9          21   101325.00000000000     
           9          22   101325.00000000000     
           9          23   101325.00000000000     
           9          24   101325.00000000000     
           9          25   101325.00000000000     
           9          26   101325.00000000000     

          10           1   101325.00000000000     
          10           2   101325.00000000000     
          10           3   101325.00000000000     
          10           4   101325.00000000000     
          10           5   101325.00000000000     
          10           6   101325.00000000000     
          10           7   101325.00000000000     
          10           8   101325.00000000000     
          10           9   101325.00000000000     
          10          10   101325.00000000000     
          10          11   101325.00000000000     
          10          12   101325.00000000000     
          10          13   101325.00000000000     
          10          14   101325.00000000000     
          10          15   101325.00000000000     
          10          16   101325.00000000000     
          10          17   101325.00000000000     
          10          18   101325.00000000000     
          10          19   101325.00000000000     
          10          20   101325.00000000000     
          10          21   101325.00000000000     
          10          22   101325.00000000000     
          10          23   101325.00000000000     
          10          24   101325.00000000000     
          10          25   101325.00000000000     
          10          26   101325.00000000000     

          11           1   101325.00000000000     
          11           2   101325.00000000000     
          11           3   101325.00000000000     
          11           4   101325.00000000000     
          11           5   101325.00000000000     
          11           6   101325.00000000000     
          11           7   101325.00000000000     
          11           8   101325.00000000000     
          11           9   101325.00000000000     
          11          10   101325.00000000000     
          11          11   101325.00000000000     
          11          12   101325.00000000000     
          11          13   101325.00000000000     
          11          14   101325.00000000000     
          11          15   101325.00000000000     
          11          16   101325.00000000000     
          11          17   101325.00000000000     
          11          18   101325.00000000000     
          11          19   101325.00000000000     
          11          20   101325.00000000000     
          11          21   101325.00000000000     
          11          22   101325.00000000000     
          11          23   101325.00000000000     
          11          24   101325.00000000000     
          11          25   101325.00000000000     
          11          26   101325.00000000000     

          12           1   101325.00000000000     
          12           2   101325.00000000000     
          12           3   101325.00000000000     
          12           4   101325.00000000000     
          12           5   101325.00000000000     
          12           6   101325.00000000000     
          12           7   101325.00000000000     
          12           8   101325.00000000000     
          12           9   101325.00000000000     
          12          10   101325.00000000000     
          12          11   101325.00000000000     
          12          12   101325.00000000000     
          12          13   101325.00000000000     
          12          14   101325.00000000000     
          12          15   101325.00000000000     
          12          16   101325.00000000000     
          12          17   101325.00000000000     
          12          18   101325.00000000000     
          12          19   101325.00000000000     
          12          20   101325.00000000000     
          12          21   101325.00000000000     
          12          22   101325.00000000000     
          12          23   101325.00000000000     
          12          24   101325.00000000000     
          12          25   101325.00000000000     
          12          26   101325.00000000000     

          13           1   101325.00000000000     
          13           2   101325.00000000000     
          13           3   101325.00000000000     
          13           4   101325.00000000000     
          13           5   101325.00000000000     
          13           6   101325.00000000000     
          13           7   101325.00000000000     
          13           8   101325.00000000000     
          13           9   101325.00000000000     
          13          10   101325.00000000000     
          13          11   101325.00000000000     
          13          12   101325.00000000000     
          13          13   101325.00000000000     
          13          14   101325.00000000000     
          13          15   101325.00000000000     
          13          16   101325.00000000000     
          13          17   101325.00000000000     
          13          18   101325.00000000000     
          13          19   101325.00000000000     
          13          20   101325.00000000000     
          13          21   101325.00000000000     
          13          22   101325.00000000000     
          13          23   101325.00000000000     
          13          24   101325.00000000000     
          13          25   101325.00000000000     
          13          26   101325.00000000000     

          14           1   101325.00000000000     
          14           2   101325.00000000000     
          14           3   101325.00000000000     
          14           4   101325.00000000000     
          14           5   101325.00000000000     
          14           6   101325.00000000000     
          14           7   101325.00000000000     
          14           8   101325.00000000000     
          14           9   101325.00000000000     
          14          10   101325.00000000000     
          14          11   101325.00000000000     
          14          12   101325.00000000000     
          14          13   101325.00000000000     
          14          14   101325.00000000000     
          14          15   101325.00000000000     
          14          16   101325.00000000000     
          14          17   101325.00000000000     
          14          18   101325.00000000000     
          14          19   101325.00000000000     
          14          20   101325.00000000000     
          14          21   101325.00000000000     
          14          22   101325.00000000000     
          14          23   101325.00000000000     
          14          24   101325.00000000000     
          14          25   101325.00000000000     
          14          26   101325.00000000000     

          15           1   101325.00000000000     
          15           2   101325.00000000000     
          15           3   101325.00000000000     
          15           4   101325.00000000000     
          15           5   101325.00000000000     
          15           6   101325.00000000000     
          15           7   101325.00000000000     
          15           8   101325.00000000000     
          15           9   101325.00000000000     
          15          10   101325.00000000000     
          15          11   101325.00000000000     
          15          12   101325.00000000000     
          15          13   101325.00000000000     
          15          14   101325.00000000000     
          15          15   101325.00000000000     
          15          16   101325.00000000000     
          15          17   101325.00000000000     
          15          18   101325.00000000000     
          15          19   101325.00000000000     
          15          20   101325.00000000000     
          15          21   101325.00000000000     
          15          22   101325.00000000000     
          15          23   101325.00000000000     
          15          24   101325.00000000000     
          15          25   101325.00000000000     
          15          26   101325.00000000000     

          16           1   101325.00000000000     
          16           2   101325.00000000000     
          16           3   101325.00000000000     
          16           4   101325.00000000000     
          16           5   101325.00000000000     
          16           6   101325.00000000000     
          16           7   101325.00000000000     
          16           8   101325.00000000000     
          16           9   101325.00000000000     
          16          10   101325.00000000000     
          16          11   101325.00000000000     
          16          12   101325.00000000000     
          16          13   101325.00000000000     
          16          14   101325.00000000000     
          16          15   101325.00000000000     
          16          16   101325.00000000000     
          16          17   101325.00000000000     
          16          18   101325.00000000000     
          16          19   101325.00000000000     
          16          20   101325.00000000000     
          16          21   101325.00000000000     
          16          22   101325.00000000000     
          16          23   101325.00000000000     
          16          24   101325.00000000000     
          16          25   101325.00000000000     
          16          26   101325.00000000000     

          17           1   101325.00000000000     
          17           2   101325.00000000000     
          17           3   101325.00000000000     
          17           4   101325.00000000000     
          17           5   101325.00000000000     
          17           6   101325.00000000000     
          17           7   101325.00000000000     
          17           8   101325.00000000000     
          17           9   101325.00000000000     
          17          10   101325.00000000000     
          17          11   101325.00000000000     
          17          12   101325.00000000000     
          17          13   101325.00000000000     
          17          14   101325.00000000000     
          17          15   101325.00000000000     
          17          16   101325.00000000000     
          17          17   101325.00000000000     
          17          18   101325.00000000000     
          17          19   101325.00000000000     
          17          20   101325.00000000000     
          17          21   101325.00000000000     
          17          22   101325.00000000000     
          17          23   101325.00000000000     
          17          24   101325.00000000000     
          17          25   101325.00000000000     
          17          26   101325.00000000000     

          18           1   101325.00000000000     
          18           2   101325.00000000000     
          18           3   101325.00000000000     
          18           4   101325.00000000000     
          18           5   101325.00000000000     
          18           6   101325.00000000000     
          18           7   101325.00000000000     
          18           8   101325.00000000000     
          18           9   101325.00000000000     
          18          10   101325.00000000000     
          18          11   101325.00000000000     
          18          12   101325.00000000000     
          18          13   101325.00000000000     
          18          14   101325.00000000000     
          18          15   101325.00000000000     
          18          16   101325.00000000000     
          18          17   101325.00000000000     
          18          18   101325.00000000000     
          18          19   101325.00000000000     
          18          20   101325.00000000000     
          18          21   101325.00000000000     
          18          22   101325.00000000000     
          18          23   101325.00000000000     
          18          24   101325.00000000000     
          18          25   101325.00000000000     
          18          26   101325.00000000000     

          19           1   101325.00000000000     
          19           2   101325.00000000000     
          19           3   101325.00000000000     
          19           4   101325.00000000000     
          19           5   101325.00000000000     
          19           6   101325.00000000000     
          19           7   101325.00000000000     
          19           8   101325.00000000000     
          19           9   101325.00000000000     
          19          10   101325.00000000000     
          19          11   101325.00000000000     
          19          12   101325.00000000000     
          19          13   101325.00000000000     
          19          14   101325.00000000000     
          19          15   101325.00000000000     
          19          16   101325.00000000000     
          19          17   101325.00000000000     
          19          18   101325.00000000000     
          19          19   101325.00000000000     
          19          20   101325.00000000000     
          19          21   101325.00000000000     
          19          22   101325.00000000000     
          19          23   101325.00000000000     
          19          24   101325.00000000000     
          19          25   101325.00000000000     
          19          26   101325.00000000000     

          20           1   101325.00000000000     
          20           2   101325.00000000000     
          20           3   101325.00000000000     
          20           4   101325.00000000000     
          20           5   101325.00000000000     
          20           6   101325.00000000000     
          20           7   101325.00000000000     
          20           8   101325.00000000000     
          20           9   101325.00000000000     
          20          10   101325.00000000000     
          20          11   101325.00000000000     
          20          12   101325.00000000000     
          20          13   101325.00000000000     
          20          14   101325.00000000000     
          20          15   101325.00000000000     
          20          16   101325.00000000000     
          20          17   101325.00000000000     
          20          18   101325.00000000000     
          20          19   101325.00000000000     
          20          20   101325.00000000000     
          20          21   101325.00000000000     
          20          22   101325.00000000000     
          20          23   101325.00000000000     
          20          24   101325.00000000000     
          20          25   101325.00000000000     
          20          26   101325.00000000000     

          21           1   101325.00000000000     
          21           2   101325.00000000000     
          21           3   101325.00000000000     
          21           4   101325.00000000000     
          21           5   101325.00000000000     
          21           6   101325.00000000000     
          21           7   101325.00000000000     
          21           8   101325.00000000000     
          21           9   101325.00000000000     
          21          10   101325.00000000000     
          21          11   101325.00000000000     
          21          12   101325.00000000000     
          21          13   101325.00000000000     
          21          14   101325.00000000000     
          21          15   101325.00000000000     
          21          16   101325.00000000000     
          21          17   101325.00000000000     
          21          18   101325.00000000000     
          21          19   101325.00000000000     
          21          20   101325.00000000000     
          21          21   101325.00000000000     
          21          22   101325.00000000000     
          21          23   101325.00000000000     
          21          24   101325.00000000000     
          21          25   101325.00000000000     
          21          26   101325.00000000000     

          22           1   101325.00000000000     
          22           2   101325.00000000000     
          22           3   101325.00000000000     
          22           4   101325.00000000000     
          22           5   101325.00000000000     
          22           6   101325.00000000000     
          22           7   101325.00000000000     
          22           8   101325.00000000000     
          22           9   101325.00000000000     
          22          10   101325.00000000000     
          22          11   101325.00000000000     
          22          12   101325.00000000000     
          22          13   101325.00000000000     
          22          14   101325.00000000000     
          22          15   101325.00000000000     
          22          16   101325.00000000000     
          22          17   101325.00000000000     
          22          18   101325.00000000000     
          22          19   101325.00000000000     
          22          20   101325.00000000000     
          22          21   101325.00000000000     
          22          22   101325.00000000000     
          22          23   101325.00000000000     
          22          24   101325.00000000000     
          22          25   101325.00000000000     
          22          26   101325.00000000000     

          23           1   101325.00000000000     
          23           2   101325.00000000000     
          23           3   101325.00000000000     
          23           4   101325.00000000000     
          23           5   101325.00000000000     
          23           6   101325.00000000000     
          23           7   101325.00000000000     
          23           8   101325.00000000000     
          23           9   101325.00000000000     
          23          10   101325.00000000000     
          23          11   101325.00000000000     
          23          12   101325.00000000000     
          23          13   101325.00000000000     
          23          14   101325.00000000000     
          23          15   101325.00000000000     
          23          16   101325.00000000000     
          23          17   101325.00000000000     
          23          18   101325.00000000000     
          23          19   101325.00000000000     
          23          20   101325.00000000000     
          23          21   101325.00000000000     
          23          22   101325.00000000000     
          23          23   101325.00000000000     
          23          24   101325.00000000000     
          23          25   101325.00000000000     
          23          26   101325.00000000000     

          24           1   101325.00000000000     
          24           2   101325.00000000000     
          24           3   101325.00000000000     
          24           4   101325.00000000000     
          24           5   101325.00000000000     
          24           6   101325.00000000000     
          24           7   101325.00000000000     
          24           8   101325.00000000000     
          24           9   101325.00000000000     
          24          10   101325.00000000000     
          24          11   101325.00000000000     
          24          12   101325.00000000000     
          24          13   101325.00000000000     
          24          14   101325.00000000000     
          24          15   101325.00000000000     
          24          16   101325.00000000000     
          24          17   101325.00000000000     
          24          18   101325.00000000000     
          24          19   101325.00000000000     
          24          20   101325.00000000000     
          24          21   101325.00000000000     
          24          22   101325.00000000000     
          24          23   101325.00000000000     
          24          24   101325.00000000000     
          24          25   101325.00000000000     
          24          26   101325.00000000000     

          25           1   101325.00000000000     
          25           2   101325.00000000000     
          25           3   101325.00000000000     
          25           4   101325.00000000000     
          25           5   101325.00000000000     
          25           6   101325.00000000000     
          25           7   101325.00000000000     
          25           8   101325.00000000000     
          25           9   101325.00000000000     
          25          10   101325.00000000000     
          25          11   101325.00000000000     
          25          12   101325.00000000000     
          25          13   101325.00000000000     
          25          14   101325.00000000000     
          25          15   101325.00000000000     
          25          16   101325.00000000000     
          25          17   101325.00000000000     
          25          18   101325.00000000000     
          25          19   101325.00000000000     
          25          20   101325.00000000000     
          25          21   101325.00000000000     
          25          22   101325.00000000000     
          25          23   101325.00000000000     
          25          24   101325.00000000000     
          25          25   101325.00000000000     
          25          26   101325.00000000000     

          26           1   101325.00000000000     
          26           2   101325.00000000000     
          26           3   101325.00000000000     
          26           4   101325.00000000000     
          26           5   101325.00000000000     
          26           6   101325.00000000000     
          26           7   101325.00000000000     
          26           8   101325.00000000000     
          26           9   101325.00000000000     
          26          10   101325.00000000000     
          26          11   101325.00000000000     
          26          12   101325.00000000000     
          26          13   101325.00000000000     
          26          14   101325.00000000000     
          26          15   101325.00000000000     
          26          16   101325.00000000000     
          26          17   101325.00000000000     
          26          18   101325.00000000000     
          26          19   101325.00000000000     
          26          20   101325.00000000000     
          26          21   101325.00000000000     
          26          22   101325.00000000000     
          26          23   101325.00000000000     
          26          24   101325.00000000000     
          26          25   101325.00000000000     
          26          26   101325.00000000000     

