           1           1   299.00000000000000     
           1           2   299.00000000000000     
           1           3   299.00000000000000     
           1           4   299.00000000000000     
           1           5   299.00000000000000     
           1           6   299.00000000000000     
           1           7   299.00000000000000     
           1           8   299.00000000000000     
           1           9   299.00000000000000     
           1          10   299.00000000000000     
           1          11   299.00000000000000     
           1          12   299.00000000000000     
           1          13   299.00000000000000     
           1          14   299.00000000000000     
           1          15   299.00000000000000     
           1          16   299.00000000000000     
           1          17   299.00000000000000     
           1          18   299.00000000000000     
           1          19   299.00000000000000     
           1          20   299.00000000000000     
           1          21   299.00000000000000     
           1          22   299.00000000000000     
           1          23   299.00000000000000     
           1          24   299.00000000000000     
           1          25   299.00000000000000     
           1          26   299.00000000000000     

           2           1   299.00000000000000     
           2           2   299.00000000000000     
           2           3   299.00000000000000     
           2           4   299.00000000000000     
           2           5   299.00000000000000     
           2           6   299.00000000000000     
           2           7   299.00000000000000     
           2           8   299.00000000000000     
           2           9   299.00000000000000     
           2          10   299.00000000000000     
           2          11   299.00000000000000     
           2          12   299.00000000000000     
           2          13   299.00000000000000     
           2          14   299.00000000000000     
           2          15   299.00000000000000     
           2          16   299.00000000000000     
           2          17   299.00000000000000     
           2          18   299.00000000000000     
           2          19   299.00000000000000     
           2          20   299.00000000000000     
           2          21   299.00000000000000     
           2          22   299.00000000000000     
           2          23   299.00000000000000     
           2          24   299.00000000000000     
           2          25   299.00000000000000     
           2          26   299.00000000000000     

           3           1   299.00000000000000     
           3           2   299.00000000000000     
           3           3   299.00000000000000     
           3           4   299.00000000000000     
           3           5   299.00000000000000     
           3           6   299.00000000000000     
           3           7   299.00000000000000     
           3           8   299.00000000000000     
           3           9   299.00000000000000     
           3          10   299.00000000000000     
           3          11   299.00000000000000     
           3          12   299.00000000000000     
           3          13   299.00000000000000     
           3          14   299.00000000000000     
           3          15   299.00000000000000     
           3          16   299.00000000000000     
           3          17   299.00000000000000     
           3          18   299.00000000000000     
           3          19   299.00000000000000     
           3          20   299.00000000000000     
           3          21   299.00000000000000     
           3          22   299.00000000000000     
           3          23   299.00000000000000     
           3          24   299.00000000000000     
           3          25   299.00000000000000     
           3          26   299.00000000000000     

           4           1   299.00000000000000     
           4           2   299.00000000000000     
           4           3   299.00000000000000     
           4           4   299.00000000000000     
           4           5   299.00000000000000     
           4           6   299.00000000000000     
           4           7   299.00000000000000     
           4           8   299.00000000000000     
           4           9   299.00000000000000     
           4          10   299.00000000000000     
           4          11   299.00000000000000     
           4          12   299.00000000000000     
           4          13   299.00000000000000     
           4          14   299.00000000000000     
           4          15   299.00000000000000     
           4          16   299.00000000000000     
           4          17   299.00000000000000     
           4          18   299.00000000000000     
           4          19   299.00000000000000     
           4          20   299.00000000000000     
           4          21   299.00000000000000     
           4          22   299.00000000000000     
           4          23   299.00000000000000     
           4          24   299.00000000000000     
           4          25   299.00000000000000     
           4          26   299.00000000000000     

           5           1   299.00000000000000     
           5           2   299.00000000000000     
           5           3   299.00000000000000     
           5           4   299.00000000000000     
           5           5   299.00000000000000     
           5           6   299.00000000000000     
           5           7   299.00000000000000     
           5           8   299.00000000000000     
           5           9   299.00000000000000     
           5          10   299.00000000000000     
           5          11   299.00000000000000     
           5          12   299.00000000000000     
           5          13   299.00000000000000     
           5          14   299.00000000000000     
           5          15   299.00000000000000     
           5          16   299.00000000000000     
           5          17   299.00000000000000     
           5          18   299.00000000000000     
           5          19   299.00000000000000     
           5          20   299.00000000000000     
           5          21   299.00000000000000     
           5          22   299.00000000000000     
           5          23   299.00000000000000     
           5          24   299.00000000000000     
           5          25   299.00000000000000     
           5          26   299.00000000000000     

           6           1   299.00000000000000     
           6           2   299.00000000000000     
           6           3   299.00000000000000     
           6           4   299.00000000000000     
           6           5   299.00000000000000     
           6           6   299.00000000000000     
           6           7   299.00000000000000     
           6           8   299.00000000000000     
           6           9   299.00000000000000     
           6          10   299.00000000000000     
           6          11   299.00000000000000     
           6          12   299.00000000000000     
           6          13   299.00000000000000     
           6          14   299.00000000000000     
           6          15   299.00000000000000     
           6          16   299.00000000000000     
           6          17   299.00000000000000     
           6          18   299.00000000000000     
           6          19   299.00000000000000     
           6          20   299.00000000000000     
           6          21   299.00000000000000     
           6          22   299.00000000000000     
           6          23   299.00000000000000     
           6          24   299.00000000000000     
           6          25   299.00000000000000     
           6          26   299.00000000000000     

           7           1   299.00000000000000     
           7           2   299.00000000000000     
           7           3   299.00000000000000     
           7           4   299.00000000000000     
           7           5   299.00000000000000     
           7           6   299.00000000000000     
           7           7   299.00000000000000     
           7           8   299.00000000000000     
           7           9   299.00000000000000     
           7          10   299.00000000000000     
           7          11   299.00000000000000     
           7          12   299.00000000000000     
           7          13   299.00000000000000     
           7          14   299.00000000000000     
           7          15   299.00000000000000     
           7          16   299.00000000000000     
           7          17   299.00000000000000     
           7          18   299.00000000000000     
           7          19   299.00000000000000     
           7          20   299.00000000000000     
           7          21   299.00000000000000     
           7          22   299.00000000000000     
           7          23   299.00000000000000     
           7          24   299.00000000000000     
           7          25   299.00000000000000     
           7          26   299.00000000000000     

           8           1   299.00000000000000     
           8           2   299.00000000000000     
           8           3   299.00000000000000     
           8           4   299.00000000000000     
           8           5   299.00000000000000     
           8           6   299.00000000000000     
           8           7   299.00000000000000     
           8           8   299.00000000000000     
           8           9   299.00000000000000     
           8          10   299.00000000000000     
           8          11   299.00000000000000     
           8          12   299.00000000000000     
           8          13   299.00000000000000     
           8          14   299.00000000000000     
           8          15   299.00000000000000     
           8          16   299.00000000000000     
           8          17   299.00000000000000     
           8          18   299.00000000000000     
           8          19   299.00000000000000     
           8          20   299.00000000000000     
           8          21   299.00000000000000     
           8          22   299.00000000000000     
           8          23   299.00000000000000     
           8          24   299.00000000000000     
           8          25   299.00000000000000     
           8          26   299.00000000000000     

           9           1   299.00000000000000     
           9           2   299.00000000000000     
           9           3   299.00000000000000     
           9           4   299.00000000000000     
           9           5   299.00000000000000     
           9           6   299.00000000000000     
           9           7   299.00000000000000     
           9           8   299.00000000000000     
           9           9   299.00000000000000     
           9          10   299.00000000000000     
           9          11   299.00000000000000     
           9          12   299.00000000000000     
           9          13   299.00000000000000     
           9          14   299.00000000000000     
           9          15   299.00000000000000     
           9          16   299.00000000000000     
           9          17   299.00000000000000     
           9          18   299.00000000000000     
           9          19   299.00000000000000     
           9          20   299.00000000000000     
           9          21   299.00000000000000     
           9          22   299.00000000000000     
           9          23   299.00000000000000     
           9          24   299.00000000000000     
           9          25   299.00000000000000     
           9          26   299.00000000000000     

          10           1   299.00000000000000     
          10           2   299.00000000000000     
          10           3   299.00000000000000     
          10           4   299.00000000000000     
          10           5   299.00000000000000     
          10           6   299.00000000000000     
          10           7   299.00000000000000     
          10           8   299.00000000000000     
          10           9   299.00000000000000     
          10          10   299.00000000000000     
          10          11   299.00000000000000     
          10          12   299.00000000000000     
          10          13   299.00000000000000     
          10          14   299.00000000000000     
          10          15   299.00000000000000     
          10          16   299.00000000000000     
          10          17   299.00000000000000     
          10          18   299.00000000000000     
          10          19   299.00000000000000     
          10          20   299.00000000000000     
          10          21   299.00000000000000     
          10          22   299.00000000000000     
          10          23   299.00000000000000     
          10          24   299.00000000000000     
          10          25   299.00000000000000     
          10          26   299.00000000000000     

          11           1   299.00000000000000     
          11           2   299.00000000000000     
          11           3   299.00000000000000     
          11           4   299.00000000000000     
          11           5   299.00000000000000     
          11           6   299.00000000000000     
          11           7   299.00000000000000     
          11           8   299.00000000000000     
          11           9   299.00000000000000     
          11          10   299.00000000000000     
          11          11   299.00000000000000     
          11          12   299.00000000000000     
          11          13   299.00000000000000     
          11          14   299.00000000000000     
          11          15   299.00000000000000     
          11          16   299.00000000000000     
          11          17   299.00000000000000     
          11          18   299.00000000000000     
          11          19   299.00000000000000     
          11          20   299.00000000000000     
          11          21   299.00000000000000     
          11          22   299.00000000000000     
          11          23   299.00000000000000     
          11          24   299.00000000000000     
          11          25   299.00000000000000     
          11          26   299.00000000000000     

          12           1   299.00000000000000     
          12           2   299.00000000000000     
          12           3   299.00000000000000     
          12           4   299.00000000000000     
          12           5   299.00000000000000     
          12           6   299.00000000000000     
          12           7   299.00000000000000     
          12           8   299.00000000000000     
          12           9   299.00000000000000     
          12          10   299.00000000000000     
          12          11   299.00000000000000     
          12          12   299.00000000000000     
          12          13   299.00000000000000     
          12          14   299.00000000000000     
          12          15   299.00000000000000     
          12          16   299.00000000000000     
          12          17   299.00000000000000     
          12          18   299.00000000000000     
          12          19   299.00000000000000     
          12          20   299.00000000000000     
          12          21   299.00000000000000     
          12          22   299.00000000000000     
          12          23   299.00000000000000     
          12          24   299.00000000000000     
          12          25   299.00000000000000     
          12          26   299.00000000000000     

          13           1   299.00000000000000     
          13           2   299.00000000000000     
          13           3   299.00000000000000     
          13           4   299.00000000000000     
          13           5   299.00000000000000     
          13           6   299.00000000000000     
          13           7   299.00000000000000     
          13           8   299.00000000000000     
          13           9   299.00000000000000     
          13          10   299.00000000000000     
          13          11   299.00000000000000     
          13          12   299.00000000000000     
          13          13   299.00000000000000     
          13          14   299.00000000000000     
          13          15   299.00000000000000     
          13          16   299.00000000000000     
          13          17   299.00000000000000     
          13          18   299.00000000000000     
          13          19   299.00000000000000     
          13          20   299.00000000000000     
          13          21   299.00000000000000     
          13          22   299.00000000000000     
          13          23   299.00000000000000     
          13          24   299.00000000000000     
          13          25   299.00000000000000     
          13          26   299.00000000000000     

          14           1   299.00000000000000     
          14           2   299.00000000000000     
          14           3   299.00000000000000     
          14           4   299.00000000000000     
          14           5   299.00000000000000     
          14           6   299.00000000000000     
          14           7   299.00000000000000     
          14           8   299.00000000000000     
          14           9   299.00000000000000     
          14          10   299.00000000000000     
          14          11   299.00000000000000     
          14          12   299.00000000000000     
          14          13   299.00000000000000     
          14          14   299.00000000000000     
          14          15   299.00000000000000     
          14          16   299.00000000000000     
          14          17   299.00000000000000     
          14          18   299.00000000000000     
          14          19   299.00000000000000     
          14          20   299.00000000000000     
          14          21   299.00000000000000     
          14          22   299.00000000000000     
          14          23   299.00000000000000     
          14          24   299.00000000000000     
          14          25   299.00000000000000     
          14          26   299.00000000000000     

          15           1   299.00000000000000     
          15           2   299.00000000000000     
          15           3   299.00000000000000     
          15           4   299.00000000000000     
          15           5   299.00000000000000     
          15           6   299.00000000000000     
          15           7   299.00000000000000     
          15           8   299.00000000000000     
          15           9   299.00000000000000     
          15          10   299.00000000000000     
          15          11   299.00000000000000     
          15          12   299.00000000000000     
          15          13   299.00000000000000     
          15          14   299.00000000000000     
          15          15   299.00000000000000     
          15          16   299.00000000000000     
          15          17   299.00000000000000     
          15          18   299.00000000000000     
          15          19   299.00000000000000     
          15          20   299.00000000000000     
          15          21   299.00000000000000     
          15          22   299.00000000000000     
          15          23   299.00000000000000     
          15          24   299.00000000000000     
          15          25   299.00000000000000     
          15          26   299.00000000000000     

          16           1   299.00000000000000     
          16           2   299.00000000000000     
          16           3   299.00000000000000     
          16           4   299.00000000000000     
          16           5   299.00000000000000     
          16           6   299.00000000000000     
          16           7   299.00000000000000     
          16           8   299.00000000000000     
          16           9   299.00000000000000     
          16          10   299.00000000000000     
          16          11   299.00000000000000     
          16          12   299.00000000000000     
          16          13   299.00000000000000     
          16          14   299.00000000000000     
          16          15   299.00000000000000     
          16          16   299.00000000000000     
          16          17   299.00000000000000     
          16          18   299.00000000000000     
          16          19   299.00000000000000     
          16          20   299.00000000000000     
          16          21   299.00000000000000     
          16          22   299.00000000000000     
          16          23   299.00000000000000     
          16          24   299.00000000000000     
          16          25   299.00000000000000     
          16          26   299.00000000000000     

          17           1   299.00000000000000     
          17           2   299.00000000000000     
          17           3   299.00000000000000     
          17           4   299.00000000000000     
          17           5   299.00000000000000     
          17           6   299.00000000000000     
          17           7   299.00000000000000     
          17           8   299.00000000000000     
          17           9   299.00000000000000     
          17          10   299.00000000000000     
          17          11   299.00000000000000     
          17          12   299.00000000000000     
          17          13   299.00000000000000     
          17          14   299.00000000000000     
          17          15   299.00000000000000     
          17          16   299.00000000000000     
          17          17   299.00000000000000     
          17          18   299.00000000000000     
          17          19   299.00000000000000     
          17          20   299.00000000000000     
          17          21   299.00000000000000     
          17          22   299.00000000000000     
          17          23   299.00000000000000     
          17          24   299.00000000000000     
          17          25   299.00000000000000     
          17          26   299.00000000000000     

          18           1   299.00000000000000     
          18           2   299.00000000000000     
          18           3   299.00000000000000     
          18           4   299.00000000000000     
          18           5   299.00000000000000     
          18           6   299.00000000000000     
          18           7   299.00000000000000     
          18           8   299.00000000000000     
          18           9   299.00000000000000     
          18          10   299.00000000000000     
          18          11   299.00000000000000     
          18          12   299.00000000000000     
          18          13   299.00000000000000     
          18          14   299.00000000000000     
          18          15   299.00000000000000     
          18          16   299.00000000000000     
          18          17   299.00000000000000     
          18          18   299.00000000000000     
          18          19   299.00000000000000     
          18          20   299.00000000000000     
          18          21   299.00000000000000     
          18          22   299.00000000000000     
          18          23   299.00000000000000     
          18          24   299.00000000000000     
          18          25   299.00000000000000     
          18          26   299.00000000000000     

          19           1   299.00000000000000     
          19           2   299.00000000000000     
          19           3   299.00000000000000     
          19           4   299.00000000000000     
          19           5   299.00000000000000     
          19           6   299.00000000000000     
          19           7   299.00000000000000     
          19           8   299.00000000000000     
          19           9   299.00000000000000     
          19          10   299.00000000000000     
          19          11   299.00000000000000     
          19          12   299.00000000000000     
          19          13   299.00000000000000     
          19          14   299.00000000000000     
          19          15   299.00000000000000     
          19          16   299.00000000000000     
          19          17   299.00000000000000     
          19          18   299.00000000000000     
          19          19   299.00000000000000     
          19          20   299.00000000000000     
          19          21   299.00000000000000     
          19          22   299.00000000000000     
          19          23   299.00000000000000     
          19          24   299.00000000000000     
          19          25   299.00000000000000     
          19          26   299.00000000000000     

          20           1   299.00000000000000     
          20           2   299.00000000000000     
          20           3   299.00000000000000     
          20           4   299.00000000000000     
          20           5   299.00000000000000     
          20           6   299.00000000000000     
          20           7   299.00000000000000     
          20           8   299.00000000000000     
          20           9   299.00000000000000     
          20          10   299.00000000000000     
          20          11   299.00000000000000     
          20          12   299.00000000000000     
          20          13   299.00000000000000     
          20          14   299.00000000000000     
          20          15   299.00000000000000     
          20          16   299.00000000000000     
          20          17   299.00000000000000     
          20          18   299.00000000000000     
          20          19   299.00000000000000     
          20          20   299.00000000000000     
          20          21   299.00000000000000     
          20          22   299.00000000000000     
          20          23   299.00000000000000     
          20          24   299.00000000000000     
          20          25   299.00000000000000     
          20          26   299.00000000000000     

          21           1   299.00000000000000     
          21           2   299.00000000000000     
          21           3   299.00000000000000     
          21           4   299.00000000000000     
          21           5   299.00000000000000     
          21           6   299.00000000000000     
          21           7   299.00000000000000     
          21           8   299.00000000000000     
          21           9   299.00000000000000     
          21          10   299.00000000000000     
          21          11   299.00000000000000     
          21          12   299.00000000000000     
          21          13   299.00000000000000     
          21          14   299.00000000000000     
          21          15   299.00000000000000     
          21          16   299.00000000000000     
          21          17   299.00000000000000     
          21          18   299.00000000000000     
          21          19   299.00000000000000     
          21          20   299.00000000000000     
          21          21   299.00000000000000     
          21          22   299.00000000000000     
          21          23   299.00000000000000     
          21          24   299.00000000000000     
          21          25   299.00000000000000     
          21          26   299.00000000000000     

          22           1   299.00000000000000     
          22           2   299.00000000000000     
          22           3   299.00000000000000     
          22           4   299.00000000000000     
          22           5   299.00000000000000     
          22           6   299.00000000000000     
          22           7   299.00000000000000     
          22           8   299.00000000000000     
          22           9   299.00000000000000     
          22          10   299.00000000000000     
          22          11   299.00000000000000     
          22          12   299.00000000000000     
          22          13   299.00000000000000     
          22          14   299.00000000000000     
          22          15   299.00000000000000     
          22          16   299.00000000000000     
          22          17   299.00000000000000     
          22          18   299.00000000000000     
          22          19   299.00000000000000     
          22          20   299.00000000000000     
          22          21   299.00000000000000     
          22          22   299.00000000000000     
          22          23   299.00000000000000     
          22          24   299.00000000000000     
          22          25   299.00000000000000     
          22          26   299.00000000000000     

          23           1   299.00000000000000     
          23           2   299.00000000000000     
          23           3   299.00000000000000     
          23           4   299.00000000000000     
          23           5   299.00000000000000     
          23           6   299.00000000000000     
          23           7   299.00000000000000     
          23           8   299.00000000000000     
          23           9   299.00000000000000     
          23          10   299.00000000000000     
          23          11   299.00000000000000     
          23          12   299.00000000000000     
          23          13   299.00000000000000     
          23          14   299.00000000000000     
          23          15   299.00000000000000     
          23          16   299.00000000000000     
          23          17   299.00000000000000     
          23          18   299.00000000000000     
          23          19   299.00000000000000     
          23          20   299.00000000000000     
          23          21   299.00000000000000     
          23          22   299.00000000000000     
          23          23   299.00000000000000     
          23          24   299.00000000000000     
          23          25   299.00000000000000     
          23          26   299.00000000000000     

          24           1   299.00000000000000     
          24           2   299.00000000000000     
          24           3   299.00000000000000     
          24           4   299.00000000000000     
          24           5   299.00000000000000     
          24           6   299.00000000000000     
          24           7   299.00000000000000     
          24           8   299.00000000000000     
          24           9   299.00000000000000     
          24          10   299.00000000000000     
          24          11   299.00000000000000     
          24          12   299.00000000000000     
          24          13   299.00000000000000     
          24          14   299.00000000000000     
          24          15   299.00000000000000     
          24          16   299.00000000000000     
          24          17   299.00000000000000     
          24          18   299.00000000000000     
          24          19   299.00000000000000     
          24          20   299.00000000000000     
          24          21   299.00000000000000     
          24          22   299.00000000000000     
          24          23   299.00000000000000     
          24          24   299.00000000000000     
          24          25   299.00000000000000     
          24          26   299.00000000000000     

          25           1   299.00000000000000     
          25           2   299.00000000000000     
          25           3   299.00000000000000     
          25           4   299.00000000000000     
          25           5   299.00000000000000     
          25           6   299.00000000000000     
          25           7   299.00000000000000     
          25           8   299.00000000000000     
          25           9   299.00000000000000     
          25          10   299.00000000000000     
          25          11   299.00000000000000     
          25          12   299.00000000000000     
          25          13   299.00000000000000     
          25          14   299.00000000000000     
          25          15   299.00000000000000     
          25          16   299.00000000000000     
          25          17   299.00000000000000     
          25          18   299.00000000000000     
          25          19   299.00000000000000     
          25          20   299.00000000000000     
          25          21   299.00000000000000     
          25          22   299.00000000000000     
          25          23   299.00000000000000     
          25          24   299.00000000000000     
          25          25   299.00000000000000     
          25          26   299.00000000000000     

          26           1   299.00000000000000     
          26           2   299.00000000000000     
          26           3   299.00000000000000     
          26           4   299.00000000000000     
          26           5   299.00000000000000     
          26           6   299.00000000000000     
          26           7   299.00000000000000     
          26           8   299.00000000000000     
          26           9   299.00000000000000     
          26          10   299.00000000000000     
          26          11   299.00000000000000     
          26          12   299.00000000000000     
          26          13   299.00000000000000     
          26          14   299.00000000000000     
          26          15   299.00000000000000     
          26          16   299.00000000000000     
          26          17   299.00000000000000     
          26          18   299.00000000000000     
          26          19   299.00000000000000     
          26          20   299.00000000000000     
          26          21   299.00000000000000     
          26          22   299.00000000000000     
          26          23   299.00000000000000     
          26          24   299.00000000000000     
          26          25   299.00000000000000     
          26          26   299.00000000000000     

